,mse,rmse,mae,mdape,smape,coverage,mape
2607,0.05296601370160501,0.22356605630896223,0.1587147559425745,0.28577693467193377,0.4168838296790561,0.8065862708719852,
2625,0.031709577038029894,0.17246455658638513,0.1307087485515361,0.2606229055326661,0.32086714597062205,0.8226592455163885,0.40610905637422956
2626,0.016610937872835397,0.1273049149707438,0.07334123128384842,0.6635306049892057,0.9422755384121825,0.8584786641929498,
2631,0.014192063398925904,0.11597810610125824,0.08274161741775492,0.34150879843617515,0.45520257988592266,0.7449907235621521,
2660,0.006860637642182376,0.077252870024196,0.05076991553647481,0.47611214968781773,0.8981257332005232,0.928491032776747,
2729,0.0814186782603448,0.2715849426446641,0.21530991513200515,0.5443268034245944,0.6633749906571468,0.5617934446505876,1.6871632485441497
2760,0.04781548607904891,0.2104605014032309,0.14835789792075416,0.426106521746066,0.5090052995916814,0.7669696969696969,1.2323600799832781
2766,0.05910523037000431,0.23699741802484342,0.1602443044841415,0.668889561256795,0.7890365256374262,0.7497773654916512,
2770,0.029714092376206844,0.1702692447267893,0.1323258227546452,0.3764276750462912,0.4668829083755965,0.8151638837353122,0.4533493747513338
2775,0.03046396179363065,0.17144014257571613,0.1317612695706645,0.27070633800644905,0.39385616500962795,0.7728633271490414,0.49026783334480845
2776,0.055576582580181874,0.23247800422094542,0.17767299259396518,0.4587615510672425,0.6091743413190492,0.7016573902288188,0.671484844383201
2784,0.03275506794185256,0.17833320381038556,0.12660752726980964,0.37652481251201403,0.4686115757277322,0.7387878787878788,0.5844910176359672
2789,0.0273381864587158,0.1621292012956659,0.11214324326662556,0.3321661139190433,0.43350275108395303,0.8444712430426716,0.6111594300496046
2813,0.018582728627359036,0.13195788036336878,0.0928927889246948,0.3675387503270427,0.4636026786304527,0.8884910327767469,0.5501809288706044
2814,0.050849619242022276,0.22342872925840676,0.1451154376591325,0.3375918139475396,0.47314629253610163,0.7992578849721707,0.7479140337243241
2815,0.06218774737555357,0.24400558062265648,0.1851491167460958,0.4426820809960681,0.5433635826073137,0.6668460111317254,
2816,0.03224265822557002,0.17482752605730184,0.1255222173885861,0.38743382174210994,0.53096750181112,0.7936734693877551,0.7732522811678447
2822,0.025019476496961058,0.15463649814408145,0.10551004440569259,0.34110519305273707,0.47362727619655903,0.7685343228200371,0.909832512802869
2824,0.017028155669063006,0.128007242928952,0.08458751374110428,0.3955370440555814,0.7022021679761647,0.7963760049474334,
2832,0.056378841508829255,0.2307491442037062,0.1813774227615372,0.3906977870744704,0.4955747693919625,0.7185837971552257,
