,0
2607,"ARIMA(0,1,0)(0,1,0)[97]                   "
2625,"ARIMA(0,1,0)(0,1,0)[97]                   "
2626,"ARIMA(0,1,0)(0,1,0)[97]                   "
2631,"ARIMA(0,1,0)(0,1,0)[97]                   "
2660,"ARIMA(0,1,0)(0,1,0)[97]                   "
2729,"ARIMA(0,1,0)(0,1,0)[97]                   "
2760,"ARIMA(0,1,0)(0,1,0)[97]                   "
2766,"ARIMA(0,1,0)(0,1,0)[97]                   "
2770,"ARIMA(0,1,0)(0,1,0)[97]                   "
2775,"ARIMA(0,1,0)(0,1,0)[97]                   "
2776,"ARIMA(0,1,0)(0,1,0)[97]                   "
2784,"ARIMA(0,1,0)(0,1,0)[97]                   "
2789,"ARIMA(0,1,0)(0,1,0)[97]                   "
2813,"ARIMA(0,1,0)(0,1,0)[97]                   "
2814,"ARIMA(0,1,0)(0,1,0)[97]                   "
2815,"ARIMA(0,1,0)(0,1,0)[97]                   "
2816,"ARIMA(0,1,0)(0,1,0)[97]                   "
2822,"ARIMA(0,1,0)(0,1,0)[97]                   "
2824,"ARIMA(0,1,0)(0,1,0)[97]                   "
2832,"ARIMA(0,1,0)(0,1,0)[97]                   "
