,MAE_hsteps
0,0.07170931930420758
1,0.06876428759360992
2,0.0670500778219221
3,0.06537169520448967
4,0.06302114311703792
5,0.06090454512034352
6,0.05845398330347687
7,0.05605785382414115
8,0.0537027360360063
9,0.052398634552353156
10,0.050406874496854465
11,0.049174400088108854
12,0.048884416930422385
13,0.04808739169539766
14,0.046832586092332006
15,0.045709235870056195
16,0.044478615779763205
17,0.04361481631789377
18,0.04272627160661114
19,0.04268488047667784
20,0.04413054776701842
21,0.04440825775577912
22,0.044891887918903306
23,0.04519458998492616
