,MAE_hsteps
0,-2.1361236283191656
1,-1.3581289073434384
2,2.119471961049268
3,0.39199558718718297
4,1.5720689616338543
5,3.842885197023804
6,0.8974942277886124
7,0.6664048322574655
8,0.34409764401900383
9,-0.11307941040278158
10,0.19738158519851043
11,0.5453284284725969
12,-0.1774054994916104
13,-0.2231230111936046
14,-0.19692566583193086
15,-0.06342217619585211
16,-0.059229394756956155
17,0.03537007951773017
18,0.33830650097558546
19,0.604340790771563
20,0.43635594205121137
21,0.19169622839320688
22,0.3420724364980803
23,0.46792575158593025
