,NNLs_hsteps
0,63.709818985119966
1,60.06716841965299
2,44.45115841599532
3,35.66405214073709
4,26.592721229632158
5,5.702179498738666
6,-21.355964634957445
7,-47.84230200656397
8,-72.18869995876682
9,-102.32795349794634
10,-94.80506066964921
11,-119.29695193435839
12,-146.26673809414856
13,-145.31088669006147
14,-164.4465249402994
15,-223.38922803477192
16,-267.57188560055494
17,-224.23925089406663
18,-181.40120708931443
19,-204.79517986352067
20,-245.16588345534876
21,-236.72800272679112
22,-186.79927698985335
23,-208.57944623024576
